0 0 68 312 408 286 8 341 469 
1 0 68 314 412 289 10 333 464 
2 0 78 314 398 287 8 343 467 
3 0 76 314 404 293 4 333 472 
4 0 79 314 397 293 9 338 466 
5 311 9 329 462 7 2 191 468 
6 314 7 326 464 9 0 186 471 
7 7 0 191 466 315 16 325 454 
8 4 7 198 462 318 14 322 460 
9 6 1 192 475 313 13 327 459 
10 314 11 326 459 7 0 166 474 
11 310 5 330 466 0 9 115 467 
12 284 0 342 480 0 126 71 320 
13 277 3 340 476 0 166 71 272 
14 278 5 340 473 
15 260 1 351 476 
16 254 3 359 475 
17 255 0 356 476 0 4 110 476 
18 251 7 360 462 3 0 173 479 
19 241 5 363 470 0 0 207 473 
20 235 0 362 480 0 0 205 470 
21 228 10 340 462 0 0 206 475 
22 189 1 343 474 0 0 213 475 
23 166 11 384 462 2 0 202 470 
24 149 18 367 448 0 0 206 470 
25 172 0 376 476 3 0 201 466 
26 199 7 359 468 0 0 218 473 
27 250 4 365 472 40 14 241 456 
28 280 7 360 466 88 7 234 469 
29 98 12 227 460 295 7 345 472 
30 98 7 228 468 295 6 345 472 
31 99 6 224 469 289 5 351 472 
32 281 5 359 470 97 6 225 472 
33 279 5 361 471 97 9 224 466 
34 99 10 221 466 285 4 355 473 
35 100 6 224 472 288 4 352 474 
36 285 3 355 476 100 2 229 478 
37 285 1 354 478 104 7 224 470 
38 286 0 350 480 106 7 223 473 
39 104 6 225 471 293 4 347 471 
40 292 0 348 479 97 4 232 470 
41 286 0 354 477 67 12 246 460 
42 0 0 236 480 287 5 353 473 
43 287 1 343 473 4 2 158 469 
44 282 6 338 471 3 0 147 472 
45 284 0 338 477 2 3 148 469 
46 297 5 343 469 3 0 146 478 
47 3 0 145 475 333 7 305 473 
48 3 0 146 475 357 8 274 463 
49 4 0 144 476 362 10 266 459 
50 363 11 265 456 3 0 147 473 
51 4 0 147 468 363 13 264 451 
52 365 12 262 456 3 0 147 475 
53 363 14 267 454 4 0 164 475 
54 11 0 181 474 361 14 271 453 
55 2 0 201 475 361 16 269 446 
56 1 0 205 476 363 12 264 459 
57 0 1 182 473 339 4 295 475 
58 298 0 332 474 1 16 170 451 
59 251 2 338 478 3 3 213 476 
60 239 14 319 452 
61 217 5 322 464 0 6 347 458 
62 213 5 327 464 0 13 356 448 
